function table = Gdf_Intra_Error()
% Gdf_Intra_Error - Returns GDF Intra Error lookup table
% Auto-generated from C++ GDF tables
% Shape: 6 x 4096
%
% Usage:
%   table = Gdf_Intra_Error();
%   err = table(qpIdx+1, pos+1);

    table = zeros(6, 4096, 'int32');

    table(1,:) = [6,4096,0,-1,-1,-1,-1,-1,-1,-1,-1,-1,-1,0,0,0,0,0,0,-1,...
        -1,-1,-1,-1,-1,-1,-1,-1,0,0,0,0,0,0,0,-1,-1,-1,-1,-1,...
        -1,-1,-1,-1,0,0,0,0,0,0,0,-1,-1,-1,-1,-1,-1,-1,-1,-1,...
        0,0,0,0,0,0,0,-1,-1,-1,-1,-1,-1,-1,-1,0,0,0,0,0,...
        0,0,-1,-1,-1,-1,-2,-1,-1,-1,-1,0,0,0,0,0,0,-1,-1,-1,...
        -2,-2,-2,-1,-1,-1,-1,0,0,0,0,0,0,-1,-2,-2,-2,-2,-2,-2,...
        -1,-1,-1,0,0,0,0,0,-1,-1,-2,-2,-2,-2,-2,-1,-1,-1,0,0,...
        0,0,0,0,0,0,-2,-2,-2,-2,-2,-1,-1,-1,0,0,0,0,0,0,...
        0,0,-2,-2,-2,-2,-1,-1,-1,0,0,0,0,0,0,0,0,0,-2,-2,...
        -2,-1,-1,-1,-1,0,0,0,0,0,0,0,0,0,-2,-2,-2,-1,-1,-1,...
        0,0,0,0,0,0,0,0,0,1,-3,-2,-2,-1,-1,-1,-1,0,0,0,...
        0,0,0,0,0,0,-3,-2,-2,-2,-1,-1,-1,0,0,0,0,1,0,0,...
        0,0,-3,-2,-2,-2,-1,-1,-1,0,0,0,1,0,0,0,0,0,1,0,...
        -1,-1,-1,-1,-1,-1,-1,-1,-1,0,0,0,0,0,1,0,-1,-1,-1,-1,...
        -1,-1,-1,-1,-1,0,0,0,0,0,1,-1,-1,-1,-1,-1,-1,-1,-1,-1,...
        -1,0,0,0,0,0,0,-1,-1,-1,-1,-1,-1,-1,-1,-1,-1,0,0,0,...
        0,-1,0,-1,-1,-1,-1,-1,-1,-1,-1,-1,0,0,0,0,0,-1,0,-1,...
        -1,-2,-2,-2,-1,-1,-1,-1,0,0,0,0,-1,-1,-1,-2,-2,-2,-2,-2,...
        -1,-1,-1,0,0,0,0,0,-1,-1,-1,-2,-2,-2,-2,-2,-1,-1,-1,0,...
        0,0,0,0,-1,-1,-2,-2,-2,-2,-2,-2,-1,-1,-1,0,0,0,0,0,...
        0,-1,-2,-2,-2,-2,-2,-1,-1,-1,0,0,0,0,0,0,0,0,-2,-2,...
        -2,-2,-1,-1,-1,0,0,0,0,0,0,0,0,0,-2,-2,-2,-2,-1,-1,...
        -1,0,0,0,0,0,0,0,0,0,-2,-2,-2,-1,-1,-1,-1,0,0,0,...
        0,0,0,0,0,0,-3,-2,-2,-2,-1,-1,-1,0,0,0,0,0,0,0,...
        0,0,-3,-2,-2,-2,-1,-1,-1,0,0,0,0,1,0,0,0,0,-3,-3,...
        -2,-2,-1,-1,-1,0,0,0,1,0,0,0,0,0,1,1,-1,-1,-1,-1,...
        -1,-1,-1,-1,-1,-1,0,0,0,0,1,0,-1,-1,-1,-1,-1,-1,-1,-1,...
        -1,-1,0,0,0,-1,1,0,-1,-1,-1,-1,-1,-1,-1,-1,-1,-1,-1,0,...
        0,-1,1,0,-1,-1,-1,-1,-1,-1,-1,-1,-1,-1,0,0,-1,-1,1,-1,...
        -1,-1,-1,-1,-1,-1,-1,-1,-1,0,0,-1,-1,-1,0,-1,-2,-2,-2,-2,...
        -1,-1,-1,-1,0,0,0,-1,-1,-1,0,-2,-2,-2,-2,-2,-2,-1,-1,-1,...
        0,0,0,0,-1,-1,-1,-2,-2,-2,-2,-2,-1,-1,-1,0,0,0,0,0,...
        -1,-1,-1,-2,-2,-2,-2,-2,-1,-1,-1,0,0,0,0,0,0,-1,-1,-2,...
        -2,-2,-1,-1,-1,-1,0,0,0,0,0,0,0,0,-1,-2,-2,-2,-1,-1,...
        -1,0,0,0,0,0,0,0,0,0,-1,-2,-2,-1,-1,-1,-1,0,0,0,...
        0,0,0,0,0,0,-2,-2,-2,-1,-1,-1,-1,0,0,0,0,0,0,0,...
        0,0,-2,-2,-2,-2,-1,-1,-1,0,0,0,0,0,0,0,0,0,-2,-2,...
        -2,-2,-1,-1,-1,0,0,0,0,1,0,0,0,0,-2,-2,-2,-2,-1,-1,...
        -1,0,0,0,1,0,0,0,0,0,1,1,0,-1,-1,-1,-1,-1,-1,-1,...
        -1,-1,-1,0,0,-1,1,1,0,-1,-1,-1,-1,-1,-1,-1,-1,-1,-1,-1,...
        0,-1,1,1,-1,-1,-1,-1,-1,-1,-1,-1,-1,-1,-1,-1,-1,-1,0,0,...
        -1,-1,-1,-1,-1,-1,-1,-1,-1,-1,-1,-1,-1,-1,0,0,-1,-1,-1,-1,...
        -1,-1,-1,-1,-1,-1,-1,-1,-1,-1,0,-1,-2,-2,-2,-2,-2,-1,-1,-1,...
        -1,0,0,-1,-1,-1,-1,-1,-2,-2,-2,-2,-2,-1,-1,-1,0,0,0,-1,...
        -1,-1,0,-1,-2,-2,-2,-2,-1,-1,-1,0,0,0,0,0,-1,-1,0,-1,...
        -2,-2,-1,-1,-1,-1,0,0,0,0,0,0,0,-1,-1,-1,-1,-1,-1,-1,...
        -1,0,0,0,0,0,0,0,0,0,-1,-1,-1,-1,-1,-1,-1,0,0,0,...
        0,0,0,0,0,0,-1,-1,-1,-1,-1,-1,-1,-1,0,0,0,0,0,0,...
        0,0,-1,-1,-2,-1,-1,-1,-1,0,0,0,0,0,0,0,0,0,-1,-2,...
        -2,-1,-1,-1,-1,0,0,0,0,0,0,0,0,0,-1,-2,-2,-1,-1,-1,...
        -1,0,0,0,0,1,0,0,0,0,-2,-2,-2,-2,-1,-1,-1,0,0,0,...
        1,0,0,0,0,0,1,1,1,0,-1,-1,-1,-1,-1,-1,-1,-1,-1,-1,...
        -1,-1,1,1,0,-1,-1,-1,-1,-1,-1,-1,-1,-1,-1,-1,-1,-1,0,0,...
        0,-1,-1,-1,-1,-1,-1,-1,-1,-1,-1,-1,-1,-1,0,0,0,-1,-1,-1,...
        -1,-1,-1,-1,-1,-1,-1,-1,-1,-1,0,0,-1,-2,-2,-1,-1,-1,-1,-1,...
        -1,-1,-1,-1,-1,-1,-1,-1,-1,-2,-2,-2,-2,-1,-1,-1,-1,0,0,-1,...
        -1,-1,-1,-1,-1,-2,-2,-1,-1,-1,-1,-1,0,0,0,-1,-1,-1,0,0,...
        -1,-1,-1,-1,-1,-1,-1,0,0,0,0,0,-1,-1,0,0,-1,-1,-1,-1,...
        -1,-1,0,0,0,0,0,0,0,-1,0,0,-1,-1,-1,-1,-1,-1,0,0,...
        0,0,0,0,0,0,-1,0,-1,-1,-1,-1,-1,-1,0,0,0,0,0,0,...
        0,0,-1,-1,-1,-1,-1,-1,-1,-1,0,0,0,0,0,0,0,0,-1,-1,...
        -1,-1,-1,-1,-1,0,0,0,0,0,0,0,0,0,-1,-1,-2,-1,-1,-1,...
        -1,0,0,0,0,0,0,0,0,0,-1,-1,-2,-1,-1,-1,-1,0,0,0,...
        0,1,0,0,0,0,-2,-2,-2,-2,-1,-1,-1,0,0,0,1,0,0,0,...
        0,0,1,1,0,0,-1,-1,-1,-1,-1,-1,-1,-1,-1,-1,-1,-1,0,0,...
        0,0,-1,-1,-1,-1,-1,-1,-1,-1,-1,-1,-1,-1,0,0,0,0,-1,-1,...
        -1,-1,-1,-1,-1,-1,-1,-1,-1,-1,0,0,0,-1,-1,-1,-1,-1,-1,-1,...
        -1,-1,-1,-1,-1,-1,0,0,0,-1,-2,-1,-1,-1,-1,-1,-1,-1,-1,-1,...
        -1,-1,0,0,0,-1,-1,-1,-1,-1,-1,-1,-1,0,-1,-1,-1,-1,0,0,...
        0,0,-1,-1,-1,-1,-1,-1,0,0,0,-1,-1,-1,0,0,0,-1,-1,-1,...
        -1,-1,-1,0,0,0,0,0,-1,-1,0,0,0,-1,-1,-1,-1,-1,0,0,...
        0,0,0,0,0,0,0,0,0,-1,-1,-1,-1,-1,0,0,0,0,0,0,...
        0,0,0,0,0,-1,-1,-1,-1,0,0,0,0,0,0,0,0,0,-1,0,...
        0,-1,-1,-1,-1,0,0,0,0,0,0,0,0,0,-1,-1,-1,-1,-1,-1,...
        -1,0,0,0,0,0,0,0,0,0,-1,-1,-1,-1,-1,-1,-1,0,0,0,...
        0,0,0,0,0,0,-1,-1,-1,-1,-1,-1,-1,0,0,0,0,1,0,0,...
        0,0,-2,-1,-2,-1,-1,-1,-1,0,0,0,0,0,0,0,0,0,0,0,...
        0,0,0,-1,-1,-1,-1,-1,-1,-1,-1,-1,-1,-1,0,0,0,0,0,-1,...
        -1,-1,-1,-1,-1,-1,-1,-1,-1,-1,0,0,0,0,-1,-1,-1,-1,-1,-1,...
        -1,-1,-1,-1,-1,-1,0,0,0,0,-1,-1,-1,-1,-1,-1,-1,-1,-1,-1,...
        -1,-1,0,0,0,0,-1,-1,-1,-1,-1,-1,-1,-1,-1,-1,-1,-1,0,0,...
        0,0,0,-1,-1,-1,-1,-1,-1,0,-1,-1,-1,-1,0,0,0,0,-1,-1,...
        -1,-1,-1,0,0,0,0,-1,-1,-1,0,0,0,0,-1,0,0,0,0,0,...
        0,0,0,0,0,0,0,0,0,0,-1,-1,0,0,0,0,0,0,0,0,...
        0,0,0,0,0,0,-1,-1,-1,0,0,0,0,0,0,0,0,0,0,0,...
        0,0,-1,-1,-1,0,0,0,0,0,0,0,0,0,-1,0,0,-1,-1,-1,...
        -1,0,0,0,0,0,0,0,0,0,-1,-1,-1,-1,-1,-1,-1,0,0,0,...
        0,0,0,0,0,0,-1,-1,-1,-1,-1,-1,0,0,0,0,0,0,0,0,...
        0,0,-1,-1,-1,-1,-1,-1,-1,0,0,0,0,1,0,0,0,0,-1,-1,...
        -1,-1,-1,-1,0,0,0,0,0,1,0,0,0,0,0,0,0,0,0,0,...
        -1,-1,-1,-1,-1,-1,-1,-1,-1,-1,0,0,0,0,0,-1,-1,-1,-1,-1,...
        -1,-1,-1,-1,-1,-1,0,0,0,0,0,-1,-1,-1,-1,-1,-1,-1,-1,-1,...
        -1,-1,0,0,0,0,0,-1,-1,-1,-1,-1,-1,-1,-1,-1,-1,-1,0,0,...
        0,0,0,0,0,-1,-1,-1,-1,-1,-1,-1,-1,-1,0,0,0,0,0,0,...
        0,0,0,0,0,0,0,-1,-1,-1,0,0,0,0,0,0,0,0,0,0,...
        0,0,0,0,0,0,0,0,0,0,0,0,0,0,0,0,0,0,0,0,...
        0,0,0,0,0,0,0,0,0,0,0,0,0,0,0,0,0,0,0,0,...
        0,0,0,0,0,0,0,0,0,0,0,0,0,0,0,0,0,0,-1,-1,...
        0,0,0,0,0,0,0,0,0,0,0,0,0,0,-1,-1,0,0,0,0,...
        0,0,0,0,0,0,-1,-1,0,0,-1,-1,0,0,0,0,0,0,0,0,...
        0,0,-1,-1,-1,0,-1,-1,0,0,0,0,0,0,1,0,0,0,-1,-1,...
        -1,0,0,0,0,0,0,0,0,0,0,0,0,0,-1,-1,-1,0,0,0,...
        0,0,0,0,0,1,1,1,0,0,0,0,0,0,1,0,-1,-1,-1,-1,...
        -1,-1,-1,-1,-1,-1,0,0,0,0,0,0,-1,-1,-1,-1,-1,-1,-1,-1,...
        -1,-1,0,0,0,0,0,0,-1,-1,-1,-1,-1,-1,-1,-1,-1,-1,0,0,...
        0,0,0,0,0,0,0,-1,-1,-1,-1,-1,-1,-1,-1,0,0,0,0,0,...
        0,0,0,0,0,0,-1,-1,-1,-1,0,0,0,0,0,0,0,0,0,0,...
        0,0,0,0,0,0,0,0,0,0,0,0,0,0,0,0,0,0,0,0,...
        0,0,0,0,0,1,1,0,0,0,0,0,0,0,0,1,0,0,0,1,...
        1,1,1,0,0,0,0,0,0,0,1,1,0,0,1,1,1,1,1,0,...
        0,0,0,0,0,1,1,1,0,0,1,1,1,1,1,0,0,0,0,0,...
        1,1,1,1,1,0,0,1,1,1,1,0,0,0,0,0,1,1,1,1,...
        1,0,0,0,0,1,1,0,0,0,0,0,1,1,1,1,1,1,0,0,...
        0,0,0,0,0,0,0,0,1,0,1,1,1,1,-1,0,0,0,0,0,...
        0,0,0,0,0,0,1,1,1,1,-1,-1,-1,0,0,0,0,0,0,0,...
        0,1,1,1,1,1,1,0,0,0,0,0,0,0,0,0,-1,-1,-1,-1,...
        -1,-1,1,0,0,0,0,0,0,0,-1,-1,-1,-1,-1,-1,-1,-1,1,0,...
        0,0,0,0,0,0,0,-1,-1,-1,-1,-1,-1,-1,0,0,0,0,0,0,...
        0,0,0,0,0,0,0,-1,-1,-1,0,0,0,0,0,1,0,0,0,0,...
        0,0,0,0,0,0,0,0,0,1,1,1,1,1,1,0,0,0,0,0,...
        0,0,1,1,1,1,1,1,1,1,1,0,0,0,1,1,1,0,1,1,...
        1,1,1,1,1,1,1,0,1,1,1,1,1,1,1,1,1,1,1,1,...
        1,1,1,1,1,1,1,1,1,1,1,1,1,1,1,1,1,1,1,1,...
        1,1,1,1,1,1,1,1,1,1,1,1,1,0,1,1,1,1,1,1,...
        1,1,0,1,1,1,1,1,0,0,1,1,1,1,1,1,1,1,0,0,...
        1,1,1,0,0,0,1,1,1,1,1,1,1,1,0,0,0,0,0,0,...
