function bias = Gdf_Bias()
% Gdf_Bias - Returns GDF Bias lookup table
% Shape: 6 x 6 x 3

    bias = zeros(6, 6, 3, 'int32');

    bias(1,1,:) = [6, 6, 3];
    bias(1,2,:) = [1925, -13583, 11215];
    bias(1,3,:) = [-3674, -1502, 8347];
    bias(1,4,:) = [-3652, -2643, 363];
    bias(1,5,:) = [-2178, -2054, -3486];
    bias(1,6,:) = [-1328, -2508, 2097];
    bias(2,1,:) = [-2124, -2024, -3121];
    bias(2,2,:) = [-1067, -432, -4];
    bias(2,3,:) = [9262, -3515, -3754];
    bias(2,4,:) = [-7059, 6034, -7748];
    bias(2,5,:) = [-6571, 91, 3451];
    bias(2,6,:) = [-5335, -1251, 12069];
    bias(3,1,:) = [-4763, 1391, -4988];
    bias(3,2,:) = [1762, -4143, 417];
    bias(3,3,:) = [-5345, 1826, -255];
    bias(3,4,:) = [-208, -3312, 9374];
    bias(3,5,:) = [-2768, -284, 264];
    bias(3,6,:) = [-1907, -6576, -1333];
    bias(4,1,:) = [-2787, -2222, 1078];
    bias(4,2,:) = [17278, 1136, -976];
    bias(4,3,:) = [-3596, 335, -11414];
    bias(4,4,:) = [-10642, -8146, -42];
    bias(4,5,:) = [-1286, -626, 1415];
    bias(4,6,:) = [-3309, -2694, -3776];
    bias(5,1,:) = [-2461, -3889, -2859];
    bias(5,2,:) = [10217, -10258, -835];
    bias(5,3,:) = [3431, -3551, -6685];
    bias(5,4,:) = [-1138, -2845, 12088];
    bias(5,5,:) = [-847, -1156, 295];
    bias(5,6,:) = [-2479, -3801, -737];
    bias(6,1,:) = [-3460, -951, -3323];
    bias(6,2,:) = [-12046, 10279, -209];
    bias(6,3,:) = [9790, -177, -6841];
    bias(6,4,:) = [-3332, 12423, -2475];
    bias(6,5,:) = [-2864, -4263, -7763];
    bias(6,6,:) = [-3309, -2744, -5688];
end
