function alpha = Gdf_Alpha()
% Gdf_Alpha - Returns GDF Alpha lookup table
% Shape: 6 x 6 x 22 x 4

    alpha = zeros(6, 6, 22, 4, 'int32');

    alpha(1,1,1,:) = [6, 6, 22, 4];
    alpha(1,1,2,:) = [511, 511, 511, 511];
    alpha(1,1,3,:) = [511, 511, 511, 511];
    alpha(1,1,4,:) = [511, 386, 511, 386];
    alpha(1,1,5,:) = [511, 511, 511, 511];
    alpha(1,1,6,:) = [511, 511, 511, 511];
    alpha(1,1,7,:) = [43, 511, 43, 511];
    alpha(1,1,8,:) = [511, 511, 511, 511];
    alpha(1,1,9,:) = [511, 511, 511, 511];
    alpha(1,1,10,:) = [511, 511, 511, 511];
    alpha(1,1,11,:) = [10, 111, 10, 111];
    alpha(1,1,12,:) = [511, 511, 511, 511];
    alpha(1,1,13,:) = [511, 511, 511, 511];
    alpha(1,1,14,:) = [511, 511, 511, 511];
    alpha(1,1,15,:) = [511, 511, 511, 511];
    alpha(1,1,16,:) = [386, 511, 386, 511];
    alpha(1,1,17,:) = [511, 511, 511, 511];
    alpha(1,1,18,:) = [511, 43, 511, 43];
    alpha(1,1,19,:) = [111, 10, 111, 10];
    alpha(1,1,20,:) = [25, 25, 25, 25];
    alpha(1,1,21,:) = [28, 28, 28, 28];
    alpha(1,1,22,:) = [2, 2, 2, 2];
    alpha(1,2,1,:) = [2, 2, 2, 2];
    alpha(1,2,2,:) = [478, 120, 478, 120];
    alpha(1,2,3,:) = [511, 511, 511, 511];
    alpha(1,2,4,:) = [232, 109, 232, 109];
    alpha(1,2,5,:) = [511, 127, 511, 127];
    alpha(1,2,6,:) = [511, 511, 511, 511];
    alpha(1,2,7,:) = [375, 15, 375, 15];
    alpha(1,2,8,:) = [511, 511, 511, 511];
    alpha(1,2,9,:) = [511, 511, 511, 511];
    alpha(1,2,10,:) = [511, 511, 511, 511];
    alpha(1,2,11,:) = [511, 511, 511, 511];
    alpha(1,2,12,:) = [511, 511, 511, 511];
    alpha(1,2,13,:) = [511, 511, 511, 511];
    alpha(1,2,14,:) = [120, 478, 120, 478];
    alpha(1,2,15,:) = [511, 511, 511, 511];
    alpha(1,2,16,:) = [109, 232, 109, 232];
    alpha(1,2,17,:) = [127, 511, 127, 511];
    alpha(1,2,18,:) = [15, 375, 15, 375];
    alpha(1,2,19,:) = [511, 511, 511, 511];
    alpha(1,2,20,:) = [511, 511, 511, 511];
    alpha(1,2,21,:) = [8, 8, 8, 8];
    alpha(1,2,22,:) = [10, 10, 10, 10];
    alpha(1,3,1,:) = [511, 511, 511, 511];
    alpha(1,3,2,:) = [511, 103, 511, 103];
    alpha(1,3,3,:) = [511, 114, 511, 114];
    alpha(1,3,4,:) = [511, 4, 511, 4];
    alpha(1,3,5,:) = [511, 13, 511, 13];
    alpha(1,3,6,:) = [511, 204, 511, 11];
    alpha(1,3,7,:) = [511, 511, 511, 511];
    alpha(1,3,8,:) = [511, 11, 511, 204];
    alpha(1,3,9,:) = [204, 511, 11, 511];
    alpha(1,3,10,:) = [511, 511, 511, 511];
    alpha(1,3,11,:) = [511, 511, 511, 511];
    alpha(1,3,12,:) = [511, 511, 511, 511];
    alpha(1,3,13,:) = [11, 511, 204, 511];
    alpha(1,3,14,:) = [103, 511, 103, 511];
    alpha(1,3,15,:) = [114, 511, 114, 511];
    alpha(1,3,16,:) = [4, 511, 4, 511];
    alpha(1,3,17,:) = [13, 511, 13, 511];
    alpha(1,3,18,:) = [511, 511, 511, 511];
    alpha(1,3,19,:) = [511, 511, 511, 511];
    alpha(1,3,20,:) = [66, 66, 66, 66];
    alpha(1,3,21,:) = [22, 22, 22, 22];
    alpha(1,3,22,:) = [10, 10, 10, 10];
    alpha(1,4,1,:) = [147, 147, 147, 147];
    alpha(1,4,2,:) = [511, 511, 511, 511];
    alpha(1,4,3,:) = [511, 5, 511, 5];
    alpha(1,4,4,:) = [511, 6, 511, 6];
    alpha(1,4,5,:) = [511, 511, 511, 511];
    alpha(1,4,6,:) = [511, 511, 39, 16];
    alpha(1,4,7,:) = [18, 36, 18, 36];
    alpha(1,4,8,:) = [39, 16, 511, 511];
    alpha(1,4,9,:) = [511, 511, 16, 39];
    alpha(1,4,10,:) = [511, 511, 511, 511];
    alpha(1,4,11,:) = [511, 511, 511, 511];
    alpha(1,4,12,:) = [511, 511, 511, 511];
    alpha(1,4,13,:) = [16, 39, 511, 511];
    alpha(1,4,14,:) = [511, 511, 511, 511];
    alpha(1,4,15,:) = [5, 511, 5, 511];
    alpha(1,4,16,:) = [6, 511, 6, 511];
    alpha(1,4,17,:) = [511, 511, 511, 511];
    alpha(1,4,18,:) = [36, 18, 36, 18];
    alpha(1,4,19,:) = [511, 511, 511, 511];
    alpha(1,4,20,:) = [52, 52, 52, 52];
    alpha(1,4,21,:) = [72, 72, 72, 72];
    alpha(1,4,22,:) = [69, 69, 69, 69];
    alpha(1,5,1,:) = [78, 78, 78, 78];
    alpha(1,5,2,:) = [511, 511, 511, 511];
    alpha(1,5,3,:) = [511, 511, 511, 511];
    alpha(1,5,4,:) = [511, 12, 511, 12];
    alpha(1,5,5,:) = [511, 286, 511, 286];
    alpha(1,5,6,:) = [511, 511, 511, 25];
    alpha(1,5,7,:) = [16, 64, 16, 64];
    alpha(1,5,8,:) = [511, 25, 511, 511];
    alpha(1,5,9,:) = [511, 511, 25, 511];
    alpha(1,5,10,:) = [511, 511, 511, 511];
    alpha(1,5,11,:) = [511, 511, 511, 511];
    alpha(1,5,12,:) = [511, 511, 511, 511];
    alpha(1,5,13,:) = [25, 511, 511, 511];
    alpha(1,5,14,:) = [511, 511, 511, 511];
    alpha(1,5,15,:) = [511, 511, 511, 511];
    alpha(1,5,16,:) = [12, 511, 12, 511];
    alpha(1,5,17,:) = [286, 511, 286, 511];
    alpha(1,5,18,:) = [64, 16, 64, 16];
    alpha(1,5,19,:) = [511, 511, 511, 511];
    alpha(1,5,20,:) = [201, 201, 201, 201];
    alpha(1,5,21,:) = [511, 511, 511, 511];
    alpha(1,5,22,:) = [511, 511, 511, 511];
    alpha(1,6,1,:) = [511, 511, 511, 511];
    alpha(1,6,2,:) = [511, 511, 511, 511];
    alpha(1,6,3,:) = [511, 511, 511, 511];
    alpha(1,6,4,:) = [17, 25, 17, 25];
    alpha(1,6,5,:) = [511, 511, 511, 511];
    alpha(1,6,6,:) = [511, 511, 52, 35];
    alpha(1,6,7,:) = [511, 64, 511, 64];
    alpha(1,6,8,:) = [52, 35, 511, 511];
    alpha(1,6,9,:) = [511, 511, 35, 52];
    alpha(1,6,10,:) = [511, 511, 26, 26];
    alpha(1,6,11,:) = [511, 178, 511, 178];
    alpha(1,6,12,:) = [26, 26, 511, 511];
    alpha(1,6,13,:) = [35, 52, 511, 511];
    alpha(1,6,14,:) = [511, 511, 511, 511];
    alpha(1,6,15,:) = [511, 511, 511, 511];
    alpha(1,6,16,:) = [25, 17, 25, 17];
    alpha(1,6,17,:) = [511, 511, 511, 511];
    alpha(1,6,18,:) = [64, 511, 64, 511];
    alpha(1,6,19,:) = [178, 511, 178, 511];
    alpha(1,6,20,:) = [511, 511, 511, 511];
    alpha(1,6,21,:) = [511, 511, 511, 511];
    alpha(1,6,22,:) = [511, 511, 511, 511];
    alpha(2,1,1,:) = [3, 3, 3, 3];
    alpha(2,1,2,:) = [511, 511, 511, 511];
    alpha(2,1,3,:) = [511, 511, 511, 511];
    alpha(2,1,4,:) = [511, 511, 511, 511];
    alpha(2,1,5,:) = [197, 145, 197, 145];
    alpha(2,1,6,:) = [511, 511, 511, 511];
    alpha(2,1,7,:) = [511, 511, 511, 511];
    alpha(2,1,8,:) = [511, 511, 511, 511];
    alpha(2,1,9,:) = [511, 511, 511, 511];
    alpha(2,1,10,:) = [511, 511, 17, 17];
    alpha(2,1,11,:) = [511, 40, 511, 40];
    alpha(2,1,12,:) = [17, 17, 511, 511];
    alpha(2,1,13,:) = [511, 511, 511, 511];
    alpha(2,1,14,:) = [511, 511, 511, 511];
    alpha(2,1,15,:) = [511, 511, 511, 511];
    alpha(2,1,16,:) = [511, 511, 511, 511];
    alpha(2,1,17,:) = [145, 197, 145, 197];
    alpha(2,1,18,:) = [511, 511, 511, 511];
    alpha(2,1,19,:) = [40, 511, 40, 511];
    alpha(2,1,20,:) = [511, 511, 511, 511];
    alpha(2,1,21,:) = [335, 335, 335, 335];
    alpha(2,1,22,:) = [511, 511, 511, 511];
    alpha(2,2,1,:) = [511, 511, 511, 511];
    alpha(2,2,2,:) = [511, 511, 511, 511];
    alpha(2,2,3,:) = [98, 511, 98, 511];
    alpha(2,2,4,:) = [511, 511, 511, 511];
    alpha(2,2,5,:) = [118, 145, 118, 145];
    alpha(2,2,6,:) = [511, 511, 511, 12];
    alpha(2,2,7,:) = [511, 511, 511, 511];
    alpha(2,2,8,:) = [511, 12, 511, 511];
    alpha(2,2,9,:) = [511, 511, 12, 511];
    alpha(2,2,10,:) = [511, 511, 511, 511];
    alpha(2,2,11,:) = [26, 33, 26, 33];
    alpha(2,2,12,:) = [511, 511, 511, 511];
    alpha(2,2,13,:) = [12, 511, 511, 511];
    alpha(2,2,14,:) = [511, 511, 511, 511];
    alpha(2,2,15,:) = [511, 98, 511, 98];
    alpha(2,2,16,:) = [511, 511, 511, 511];
    alpha(2,2,17,:) = [145, 118, 145, 118];
    alpha(2,2,18,:) = [511, 511, 511, 511];
    alpha(2,2,19,:) = [33, 26, 33, 26];
    alpha(2,2,20,:) = [14, 14, 14, 14];
    alpha(2,2,21,:) = [12, 12, 12, 12];
    alpha(2,2,22,:) = [171, 171, 171, 171];
    alpha(2,3,1,:) = [48, 48, 48, 48];
    alpha(2,3,2,:) = [6, 93, 6, 93];
    alpha(2,3,3,:) = [511, 6, 511, 6];
    alpha(2,3,4,:) = [511, 7, 511, 7];
    alpha(2,3,5,:) = [85, 130, 85, 130];
    alpha(2,3,6,:) = [511, 511, 6, 511];
    alpha(2,3,7,:) = [511, 39, 511, 39];
    alpha(2,3,8,:) = [6, 511, 511, 511];
    alpha(2,3,9,:) = [511, 511, 511, 6];
