function weight = Gdf_Weight()
% Gdf_Weight - Returns GDF Weight lookup table
% Shape: 6 x 6 x 3 x 22 x 4

    weight = zeros(6, 6, 3, 22, 4, 'int32');

    weight(1,1,1,1,:) = [6, 6, 3, 22];
    weight(1,1,1,2,:) = [4, -5, 0, -5];
    weight(1,1,1,3,:) = [0, 13, 0, 13];
    weight(1,1,1,4,:) = [0, -19, 0, -19];
    weight(1,1,1,5,:) = [0, 15, 0, 15];
    weight(1,1,1,6,:) = [0, 19, 0, -24];
    weight(1,1,1,7,:) = [0, -17, -36, -17];
    weight(1,1,1,8,:) = [-36, -24, 0, 19];
    weight(1,1,1,9,:) = [0, 0, 19, 0];
    weight(1,1,1,10,:) = [-24, -39, -39, 39];
    weight(1,1,1,11,:) = [39, 103, 327, 103];
    weight(1,1,1,12,:) = [327, 39, 39, -39];
    weight(1,1,1,13,:) = [-39, 0, -24, 0];
    weight(1,1,1,14,:) = [19, 0, -5, 0];
    weight(1,1,1,15,:) = [-5, 0, 13, 0];
    weight(1,1,1,16,:) = [13, 0, -19, 0];
    weight(1,1,1,17,:) = [-19, 0, 15, 0];
    weight(1,1,1,18,:) = [15, -36, -17, -36];
    weight(1,1,1,19,:) = [-17, 327, 103, 327];
    weight(1,1,1,20,:) = [103, 0, 0, 0];
    weight(1,1,1,21,:) = [0, 0, 0, 0];
    weight(1,1,1,22,:) = [0, 0, 0, 0];
    weight(1,1,2,1,:) = [0, 0, 0, 0];
    weight(1,1,2,2,:) = [0, 0, -11, 0];
    weight(1,1,2,3,:) = [-11, 0, 33, 0];
    weight(1,1,2,4,:) = [33, 0, -60, 0];
    weight(1,1,2,5,:) = [-60, 0, 91, 0];
    weight(1,1,2,6,:) = [91, 0, 11, 0];
    weight(1,1,2,7,:) = [-12, -29, -138, -29];
    weight(1,1,2,8,:) = [-138, 0, -12, 0];
    weight(1,1,2,9,:) = [11, 11, 0, -12];
    weight(1,1,2,10,:) = [0, -22, -22, 17];
    weight(1,1,2,11,:) = [17, 36, 136, 36];
    weight(1,1,2,12,:) = [136, 17, 17, -22];
    weight(1,1,2,13,:) = [-22, -12, 0, 11];
    weight(1,1,2,14,:) = [0, -11, 0, -11];
    weight(1,1,2,15,:) = [0, 33, 0, 33];
    weight(1,1,2,16,:) = [0, -60, 0, -60];
    weight(1,1,2,17,:) = [0, 91, 0, 91];
    weight(1,1,2,18,:) = [0, -138, -29, -138];
    weight(1,1,2,19,:) = [-29, 136, 36, 136];
    weight(1,1,2,20,:) = [36, 0, 0, 0];
    weight(1,1,2,21,:) = [0, 0, 0, 0];
    weight(1,1,2,22,:) = [0, 0, 0, 0];
    weight(1,1,3,1,:) = [0, 0, 0, 0];
    weight(1,1,3,2,:) = [0, 0, 0, 0];
    weight(1,1,3,3,:) = [0, 0, 0, 0];
    weight(1,1,3,4,:) = [0, 0, 0, 0];
    weight(1,1,3,5,:) = [0, -15, -31, -15];
    weight(1,1,3,6,:) = [-31, 0, 0, 0];
    weight(1,1,3,7,:) = [0, 13, 46, 13];
    weight(1,1,3,8,:) = [46, 0, 0, 0];
    weight(1,1,3,9,:) = [0, 0, 0, 0];
    weight(1,1,3,10,:) = [0, 0, 0, 0];
    weight(1,1,3,11,:) = [0, -49, -12, -49];
    weight(1,1,3,12,:) = [-12, 0, 0, 0];
    weight(1,1,3,13,:) = [0, 0, 0, 0];
    weight(1,1,3,14,:) = [0, 0, 0, 0];
    weight(1,1,3,15,:) = [0, 0, 0, 0];
    weight(1,1,3,16,:) = [0, 0, 0, 0];
    weight(1,1,3,17,:) = [0, -31, -15, -31];
    weight(1,1,3,18,:) = [-15, 46, 13, 46];
    weight(1,1,3,19,:) = [13, -12, -49, -12];
    weight(1,1,3,20,:) = [-49, 59, 59, 59];
    weight(1,1,3,21,:) = [59, 57, 57, 57];
    weight(1,1,3,22,:) = [57, 35, 35, 35];
    weight(1,2,1,1,:) = [35, 22, 22, 22];
    weight(1,2,1,2,:) = [22, -4, 0, -4];
    weight(1,2,1,3,:) = [0, 10, 0, 10];
    weight(1,2,1,4,:) = [0, -14, 0, -14];
    weight(1,2,1,5,:) = [0, -2, 0, -2];
    weight(1,2,1,6,:) = [0, 7, 0, -44];
    weight(1,2,1,7,:) = [0, 23, 80, 23];
    weight(1,2,1,8,:) = [80, -44, 0, 7];
    weight(1,2,1,9,:) = [0, 0, 7, 0];
    weight(1,2,1,10,:) = [-44, -41, -41, 126];
    weight(1,2,1,11,:) = [126, -110, 135, -110];
    weight(1,2,1,12,:) = [135, 126, 126, -41];
    weight(1,2,1,13,:) = [-41, 0, -44, 0];
    weight(1,2,1,14,:) = [7, 0, -4, 0];
    weight(1,2,1,15,:) = [-4, 0, 10, 0];
    weight(1,2,1,16,:) = [10, 0, -14, 0];
    weight(1,2,1,17,:) = [-14, 0, -2, 0];
    weight(1,2,1,18,:) = [-2, 80, 23, 80];
    weight(1,2,1,19,:) = [23, 135, -110, 135];
    weight(1,2,1,20,:) = [-110, 0, 0, 0];
    weight(1,2,1,21,:) = [0, 0, 0, 0];
    weight(1,2,1,22,:) = [0, 0, 0, 0];
    weight(1,2,2,1,:) = [0, 0, 0, 0];
    weight(1,2,2,2,:) = [0, 0, -9, 0];
    weight(1,2,2,3,:) = [-9, 0, 9, 0];
    weight(1,2,2,4,:) = [9, 0, -8, 0];
    weight(1,2,2,5,:) = [-8, 0, -22, 0];
    weight(1,2,2,6,:) = [-22, 0, 2, 0];
    weight(1,2,2,7,:) = [-42, 34, 244, 34];
    weight(1,2,2,8,:) = [244, 0, -42, 0];
    weight(1,2,2,9,:) = [2, 2, 0, -42];
    weight(1,2,2,10,:) = [0, 1, 1, 122];
    weight(1,2,2,11,:) = [122, -53, 139, -53];
    weight(1,2,2,12,:) = [139, 122, 122, 1];
    weight(1,2,2,13,:) = [1, -42, 0, 2];
    weight(1,2,2,14,:) = [0, -9, 0, -9];
    weight(1,2,2,15,:) = [0, 9, 0, 9];
    weight(1,2,2,16,:) = [0, -8, 0, -8];
    weight(1,2,2,17,:) = [0, -22, 0, -22];
    weight(1,2,2,18,:) = [0, 244, 34, 244];
    weight(1,2,2,19,:) = [34, 139, -53, 139];
    weight(1,2,2,20,:) = [-53, 0, 0, 0];
    weight(1,2,2,21,:) = [0, 0, 0, 0];
    weight(1,2,2,22,:) = [0, 0, 0, 0];
    weight(1,2,3,1,:) = [0, 0, 0, 0];
    weight(1,2,3,2,:) = [0, 0, 0, 0];
    weight(1,2,3,3,:) = [0, 0, 0, 0];
    weight(1,2,3,4,:) = [0, 0, 0, 0];
    weight(1,2,3,5,:) = [0, 55, 49, 55];
    weight(1,2,3,6,:) = [49, 0, 0, 0];
    weight(1,2,3,7,:) = [0, 1, 56, 1];
    weight(1,2,3,8,:) = [56, 0, 0, 0];
    weight(1,2,3,9,:) = [0, 0, 0, 0];
    weight(1,2,3,10,:) = [0, 0, 0, 0];
    weight(1,2,3,11,:) = [0, -105, -71, -105];
    weight(1,2,3,12,:) = [-71, 0, 0, 0];
    weight(1,2,3,13,:) = [0, 0, 0, 0];
    weight(1,2,3,14,:) = [0, 0, 0, 0];
    weight(1,2,3,15,:) = [0, 0, 0, 0];
    weight(1,2,3,16,:) = [0, 0, 0, 0];
    weight(1,2,3,17,:) = [0, 49, 55, 49];
    weight(1,2,3,18,:) = [55, 56, 1, 56];
    weight(1,2,3,19,:) = [1, -71, -105, -71];
    weight(1,2,3,20,:) = [-105, -12, -12, -12];
    weight(1,2,3,21,:) = [-12, 61, 61, 61];
    weight(1,2,3,22,:) = [61, 51, 51, 51];
    weight(1,3,1,1,:) = [51, -19, -19, -19];
    weight(1,3,1,2,:) = [-19, -20, 0, -20];
    weight(1,3,1,3,:) = [0, 8, 0, 8];
    weight(1,3,1,4,:) = [0, -16, 0, -16];
    weight(1,3,1,5,:) = [0, -10, 0, -10];
    weight(1,3,1,6,:) = [0, -16, 0, -24];
    weight(1,3,1,7,:) = [0, 14, -36, 14];
    weight(1,3,1,8,:) = [-36, -24, 0, -16];
    weight(1,3,1,9,:) = [0, 0, -16, 0];
    weight(1,3,1,10,:) = [-24, -27, -27, 52];
    weight(1,3,1,11,:) = [52, -21, 106, -21];
    weight(1,3,1,12,:) = [106, 52, 52, -27];
    weight(1,3,1,13,:) = [-27, 0, -24, 0];
    weight(1,3,1,14,:) = [-16, 0, -20, 0];
    weight(1,3,1,15,:) = [-20, 0, 8, 0];
    weight(1,3,1,16,:) = [8, 0, -16, 0];
    weight(1,3,1,17,:) = [-16, 0, -10, 0];
    weight(1,3,1,18,:) = [-10, -36, 14, -36];
    weight(1,3,1,19,:) = [14, 106, -21, 106];
    weight(1,3,1,20,:) = [-21, 0, 0, 0];
    weight(1,3,1,21,:) = [0, 0, 0, 0];
    weight(1,3,1,22,:) = [0, 0, 0, 0];
    weight(1,3,2,1,:) = [0, 0, 0, 0];
    weight(1,3,2,2,:) = [0, 0, -14, 0];
    weight(1,3,2,3,:) = [-14, 0, -24, 0];
    weight(1,3,2,4,:) = [-24, 0, 462, 0];
    weight(1,3,2,5,:) = [462, 0, 172, 0];
    weight(1,3,2,6,:) = [172, 0, -15, 0];
    weight(1,3,2,7,:) = [472, 33, -32, 33];
    weight(1,3,2,8,:) = [-32, 0, 472, 0];
    weight(1,3,2,9,:) = [-15, -15, 0, 472];
    weight(1,3,2,10,:) = [0, 19, 19, 143];
    weight(1,3,2,11,:) = [143, -126, 125, -126];
    weight(1,3,2,12,:) = [125, 143, 143, 19];
    weight(1,3,2,13,:) = [19, 472, 0, -15];
    weight(1,3,2,14,:) = [0, -14, 0, -14];
    weight(1,3,2,15,:) = [0, -24, 0, -24];
    weight(1,3,2,16,:) = [0, 462, 0, 462];
    weight(1,3,2,17,:) = [0, 172, 0, 172];
    weight(1,3,2,18,:) = [0, -32, 33, -32];
    weight(1,3,2,19,:) = [33, 125, -126, 125];
    weight(1,3,2,20,:) = [-126, 0, 0, 0];
    weight(1,3,2,21,:) = [0, 0, 0, 0];
    weight(1,3,2,22,:) = [0, 0, 0, 0];
    weight(1,3,3,1,:) = [0, 0, 0, 0];
    weight(1,3,3,2,:) = [0, 0, 0, 0];
    weight(1,3,3,3,:) = [0, 0, 0, 0];
    weight(1,3,3,4,:) = [0, 0, 0, 0];
    weight(1,3,3,5,:) = [0, -5, -265, -5];
    weight(1,3,3,6,:) = [-265, 0, 0, 0];
    weight(1,3,3,7,:) = [0, 6, -2, 6];
    weight(1,3,3,8,:) = [-2, 0, 0, 0];
    weight(1,3,3,9,:) = [0, 0, 0, 0];
    weight(1,3,3,10,:) = [0, 0, 0, 0];
    weight(1,3,3,11,:) = [0, 87, -194, 87];
    weight(1,3,3,12,:) = [-194, 0, 0, 0];
